78 65
000000000000000000000000000000000000000000000000000000000000000000000000000000
000000000000000000000000000000000000000000000000000000000000000000000000000000
000000000000000000000000000000000000000000000000000000000000000000000000000000
000000000000000000000000000000000000000000000000000000000000000000000000000000
000000000000000000000000000000000000000b00000000000000000000000000000000000000
000000000000000000000000000000000000000000000000000000000000000000000000000000
000000000000000000000000000000000000000000000000000000000000000000000000000000
000000000000000000000000000000000000000000000000000000000000000000000000000000
000000000000000000000000000000000000000000000000000000000000000000000000000000
000000000000000000000000000000000000000000000000000000000000000000000000000000
000000000000000000000000000000000000000000000000000000000000000000000000000000
000000000000000000000000000000000000000000000000000000000000000000000000000000
000000000000000000000000000000000000000000000000000000000000000000000000000000
000000000000000000000000000000011111111111111111111111111111111111111110000000
000000000000000000000000000000010000000000000000000000000000000000000000000000
000000000000000000000000000000010000000000000000000000000000000000000000000000
000000000000000000000000000000010000000000000000000000000000000000000000000000
000000000000000000000000000000010000000000000000000000000000000000000000000000
000000000000000000000000000000010000000000000000000000000000000000000000000000
000000000000000000000000000000010000000000000000000000000000000000000000000000
000000000000000000000000000000010000000000000000000000000000000000000000000000
000000000000000000000000000000010000000000000000000000000000000000000000000000
000000000000000000000000000000010000000011111111111111111111111100000000000000
000000000000000000000000000000010000000000000000000000000000000000000000000000
000000000000000000000000000000010000000000000000000000000000000000000000000000
000000000000000000000000000000010000000001000000000000000000000000000000000000
000000000000000000000000000000000000000001000000000000000000000000000000000000
000000000000000000000000000000011000000001000000000000000000000000000000000000
000000000000000000000000000000011000000001000000000000000000000000000000000000
000000000011111111111111111111111000000001000000000000000000000000000000000000
000000000000000000000000000000011000000001000000000000000000000000000000000000
000000000000000000000000000000011000000001000000000000000000000000000000000000
000000000000000000000000000000011000000001000000000000000000000000000000000000
000000000000000000000000000000011000000001000000000000000000000000000000000000
000000000000000000000000000000011000000001000000000000000000000000000000000000
000000000000000000000000000000011000000001000000000000000000000000000000000000
000000000000000000000000000000011000000001000000000000000000000000000000000000
000000000000000000000000000000011000000111100000000000000000000000000000000000
000000000000000000000000000000000000000111100000000000000000000000000000000000
000000000000000000000000000000000000000111100000000000000000000000000000000000
000000000000000000000000000000000000000111100000000000000000000000000000000000
000000000000000000000000000000000000000111100000000000000000000000000000000000
000000000000000000000000000000000000000111100000000000000000000000000000000000
00000000000000000000000000000000000000011110000000e000000000000000000000000000
000000000000000000000000000000000000000111100000000000000000000000000000000000
000000000000000000000000000000000000000111100000000000000000000000000000000000
000000000000000000000000000000000000000111100000000000000000000000000000000000
000000000000000000000000000000000000000111100000000000000000000000000000000000
000000000000000000000000000000000000000111100000000000000000000000000000000000
000000000000000000000000000000000000000111100000000000000000000000000000000000
000000000000000000000000000000000000000000000000000000000000000000000000000000
000000000000000000000000000000000000000000000000000000000000000000000000000000
000000000000000000000000000000000000000000000000000000000000000000000000000000
000000000000000000000000000000000000000000000000000000000000000000000000000000
000000000000000000000000000000000000000000000000000000000000000000000000000000
000000000000000000000000000000000000000000000000000000000000000000000000000000
000000000000000000000000000000000000000000000000000000000000000000000000000000
000000000000000000000000000000000000000000000000000000000000000000000000000000
000000000000000000000000000000000000000000000000000000000000000000000000000000
000000000000000000000000000000000000000000000000000000000000000000000000000000
000000000000000000000000000000000000000000000000000000000000000000000000000000
000000000000000000000000000000000000000000000000000000000000000000000000000000
000000000000000000000000000000000000000000000000000000000000000000000000000000
000000000000000000000000000000000000000000000000000000000000000000000000000000
000000000000000000000000000000000000000000000000000000000000000000000000000000
